SCMBranch=BabyNursing - Android - 1.0.0 - Vincent WrkSpc
SCMRepository=Sevenlogics/Baby Nursing/BabyNursing - Android/app/src/main/res/drawable
SCMMainlineUUID={13964fbf-ad72-4e17-b155-baab48aac568}
SCMBranchRepositoryID=104838
.DS_Store;1837629546;1;1491843497;|70456|142586
bathtime.png;3258680347;1;1491843497;|70457|142587
blue_text_white_background.xml;237671730;1;1491843497;|70458|142588
bottle.png;932821693;1;1491843497;|70459|142589
btn_circle_edit.png;1397667037;1;1491843497;|70460|142590
btn_circle_l.png;3340618981;1;1491843497;|70461|142591
btn_circle_l_disabled.png;3259204499;1;1491843497;|70462|142592
btn_circle_l_small.png;2330656632;1;1491843497;|70463|142593
btn_circle_pause.png;4002332979;1;1491843497;|70464|142594
btn_circle_play.png;3021321415;1;1491843497;|70465|142595
btn_circle_r.png;3893505764;1;1491843497;|70466|142596
btn_circle_r_disabled.png;509579295;1;1491843497;|70467|142597
btn_circle_r_small.png;3267551110;1;1491843497;|70468|142598
btn_circle_stop.png;12738814;1;1491843497;|70469|142599
diaper.png;1187882915;1;1491843497;|70470|142600
diary.png;3781667401;1;1491843497;|70471|142601
measurement.png;1071314433;1;1491843497;|70472|142602
medication.png;2236654289;1;1491843497;|70473|142603
nursing.png;3762888592;1;1491843497;|70474|142604
pumping.png;3105535684;1;1491843497;|70475|142605
scrollbar_handle_holo_dark.9.png;2518167803;1;1491843497;|70476|142606
scrollbar_handle_holo_light.9.png;3111652272;1;1491843497;|70477|142607
white_text_blue_background.xml;2419098514;2;1492102166;|70478|143073
