SCMBranch=BabyNursing - Android - 1.0.0 - Vincent WrkSpc
SCMRepository=Sevenlogics/Baby Nursing/BabyNursing - Android/app/src/main/res/drawable-xxhdpi
SCMMainlineUUID={13964fbf-ad72-4e17-b155-baab48aac568}
SCMBranchRepositoryID=104836
.DS_Store;1837629546;1;1491843500;|70505|142635
baby_img.png;3040823383;1;1491843500;|70506|142636
btn_circle_edit.png;625898623;1;1491843500;|70507|142637
btn_circle_l.png;4063039080;1;1491843500;|70508|142638
btn_circle_l_disabled.png;3956436835;1;1491843500;|70509|142639
btn_circle_l_small.png;2602594239;1;1491843500;|70510|142640
btn_circle_pause.png;2382198967;1;1491843500;|70511|142641
btn_circle_play.png;3053627046;1;1491843500;|70512|142642
btn_circle_r.png;3532488395;1;1491843500;|70513|142643
btn_circle_r_disabled.png;3750643461;1;1491843500;|70514|142644
btn_circle_r_small.png;2064451962;1;1491843500;|70515|142645
btn_circle_stop.png;295022722;1;1491843500;|70516|142646
default_cover_photo_1.png;1856488464;1;1491843500;|70517|142647
default_cover_photo_2.png;2970152186;1;1491843500;|70518|142648
img_camera.png;312327253;1;1491843500;|70519|142649
img_close_btn.png;3846434325;1;1491843500;|70520|142650
img_correct_symbol.png;1259280678;1;1491843500;|70521|142651
img_plus_sign.png;1236731419;1;1491843500;|70522|142652
medication.png;1810175655;1;1491843500;|70523|142653
nursing.png;1084021885;1;1491843500;|70524|142654
pumping.png;4025406235;1;1491843500;|70525|142655
