SCMBranch=BabyNursing - Android - 1.0.0 - Vincent WrkSpc
SCMRepository=Sevenlogics/Baby Nursing/BabyNursing - Android/app/src/main/res/drawable-xhdpi
SCMMainlineUUID={13964fbf-ad72-4e17-b155-baab48aac568}
SCMBranchRepositoryID=104837
.DS_Store;1837629546;1;1491843497;|70479|142609
baby_img.png;2890942627;1;1491843497;|70480|142610
bathtime.png;3773114700;1;1491843497;|70481|142611
bottle.png;967528629;1;1491843497;|70482|142612
btn_circle_edit.png;3465932555;1;1491843497;|70483|142613
btn_circle_l.png;4290404353;1;1491843497;|70484|142614
btn_circle_l_disabled.png;3680891159;1;1491843497;|70485|142615
btn_circle_l_small.png;1739053654;1;1491843497;|70486|142616
btn_circle_pause.png;3691993960;1;1491843497;|70487|142617
btn_circle_play.png;611878303;1;1491843497;|70488|142618
btn_circle_r.png;714670839;1;1491843497;|70489|142619
btn_circle_r_disabled.png;3704478699;1;1491843497;|70490|142620
btn_circle_r_small.png;4239650021;1;1491843497;|70491|142621
btn_circle_stop.png;1557540056;1;1491843497;|70492|142622
default_cover_photo_1.png;3102015165;1;1491843500;|70493|142623
default_cover_photo_2.png;2717112448;1;1491843500;|70494|142624
diaper.png;4286882060;1;1491843500;|70495|142625
diary.png;1700035449;1;1491843500;|70496|142626
img_camera.png;255144947;1;1491843500;|70497|142627
img_close_btn.png;1479570004;1;1491843500;|70498|142628
img_correct_symbol.png;3150212142;1;1491843500;|70499|142629
img_plus_sign.png;2329738043;1;1491843500;|70500|142630
measurement.png;2034036188;1;1491843500;|70501|142631
medication.png;4034874587;1;1491843500;|70502|142632
nursing.png;3464003890;1;1491843500;|70503|142633
pumping.png;3529029851;1;1491843500;|70504|142634
